{
  "advancedEditorSelectedIdentifier" : "ProjectBrowser",
  "openSceneRelativePaths" : [
    "Immersive.usda"
  ],
  "recentIdentifiers" : {
    "AF09ED6F-1707-48FD-8720-65B998362C09" : [

    ],
    "D66134B1-3681-4A8E-AFE5-29F257229F3B" : [

    ]
  },
  "sceneCameraHistory" : {
    "4A858FEC-FD7E-4F9F-BDE9-4C7B6BC3E29F" : [
      {
        "date" : 728727731.986916,
        "title" : "Untitled",
        "transform" : [
          0.9999497,
          3.4082268e-11,
          0.010031607,
          0,
          0.00519039,
          0.8557414,
          -0.5173776,
          0,
          -0.008584461,
          0.51740366,
          0.85569847,
          0,
          -0.16141383,
          0.17136131,
          0.4447439,
          1
        ]
      },
      {
        "date" : 728727730.425127,
        "title" : "Untitled",
        "transform" : [
          0.9999497,
          3.4082268e-11,
          0.010031607,
          0,
          0.00519039,
          0.8557414,
          -0.5173776,
          0,
          -0.008584461,
          0.51740366,
          0.85569847,
          0,
          -0.1976597,
          0.117688164,
          0.4768341,
          1
        ]
      },
      {
        "date" : 728727714.453867,
        "title" : "Untitled",
        "transform" : [
          0.9999496,
          3.4082265e-11,
          0.010031606,
          0,
          0.00519039,
          0.8557414,
          -0.5173776,
          0,
          -0.00858446,
          0.5174036,
          0.85569835,
          0,
          -0.0027719976,
          0.24158213,
          0.40387586,
          1
        ]
      },
      {
        "date" : 728727702.552241,
        "title" : "Untitled",
        "transform" : [
          0.99999994,
          0,
          -0,
          0,
          -0,
          0.8660254,
          -0.49999994,
          0,
          0,
          0.49999994,
          0.8660254,
          0,
          0,
          0.23594756,
          0.40867323,
          1
        ]
      }
    ],
    "AF09ED6F-1707-48FD-8720-65B998362C09" : [
      {
        "date" : 729010900.249189,
        "title" : "Untitled",
        "transform" : [
          0.99047154,
          -6.331476e-09,
          0.13771741,
          0,
          0.13763341,
          0.034899604,
          -0.98986816,
          0,
          -0.0048060995,
          0.9993909,
          0.034567054,
          0,
          0.41497934,
          4.7250776,
          -1.8618231,
          1
        ]
      },
      {
        "date" : 729010892.672232,
        "title" : "Untitled",
        "transform" : [
          0.99047154,
          -6.3314753e-09,
          0.13771741,
          0,
          0.13763341,
          0.034899544,
          -0.98986816,
          0,
          -0.004806091,
          0.9993909,
          0.034566995,
          0,
          0.901072,
          4.7432117,
          -2.3185072,
          1
        ]
      },
      {
        "date" : 729010883.130569,
        "title" : "Untitled",
        "transform" : [
          0.9905125,
          -6.3314753e-09,
          0.13742273,
          0,
          0.1373389,
          0.034899544,
          -0.9899091,
          0,
          -0.004795807,
          0.9993909,
          0.034568425,
          0,
          0.9008236,
          4.7432117,
          -2.3187375,
          1
        ]
      },
      {
        "date" : 729010880.338612,
        "title" : "Untitled",
        "transform" : [
          0.98934495,
          -6.3314745e-09,
          0.1455903,
          0,
          0.1455015,
          0.034899604,
          -0.9887423,
          0,
          -0.00508086,
          0.9993909,
          0.03452774,
          0,
          0.91366464,
          4.7432117,
          -2.3227487,
          1
        ]
      },
      {
        "date" : 729010877.189538,
        "title" : "Untitled",
        "transform" : [
          0.98934495,
          -6.3314745e-09,
          0.1455903,
          0,
          0.1455015,
          0.034899604,
          -0.9887423,
          0,
          -0.00508086,
          0.9993909,
          0.03452774,
          0,
          0.87140894,
          4.688142,
          -0.7349837,
          1
        ]
      },
      {
        "date" : 729010874.6043,
        "title" : "Untitled",
        "transform" : [
          0.99697095,
          -6.3314736e-09,
          0.077774785,
          0,
          0.07772727,
          0.034899604,
          -0.99636364,
          0,
          -0.0027141261,
          0.9993909,
          0.034793876,
          0,
          1.0091522,
          4.688142,
          -0.9379065,
          1
        ]
      },
      {
        "date" : 729010869.109951,
        "title" : "Untitled",
        "transform" : [
          0.99697095,
          -6.3314736e-09,
          0.077774785,
          0,
          0.07772727,
          0.034899604,
          -0.99636364,
          0,
          -0.0027141261,
          0.9993909,
          0.034793876,
          0,
          0.43212366,
          4.7192154,
          -1.8754585,
          1
        ]
      },
      {
        "date" : 729010851.208539,
        "title" : "Untitled",
        "transform" : [
          0.99697095,
          -6.3314736e-09,
          0.077774785,
          0,
          0.07772727,
          0.034899604,
          -0.99636364,
          0,
          -0.0027141261,
          0.9993909,
          0.034793876,
          0,
          0.216052,
          4.732481,
          -2.273346,
          1
        ]
      },
      {
        "date" : 729010848.930316,
        "title" : "Untitled",
        "transform" : [
          0.999435,
          -6.331473e-09,
          -0.03361166,
          0,
          -0.033591323,
          0.034899604,
          -0.99882615,
          0,
          0.0011732138,
          0.9993909,
          0.03487985,
          0,
          0.25436968,
          4.732481,
          -2.294845,
          1
        ]
      },
      {
        "date" : 729010842.629614,
        "title" : "Untitled",
        "transform" : [
          0.999435,
          -6.331473e-09,
          -0.03361166,
          0,
          -0.033591323,
          0.034899604,
          -0.99882615,
          0,
          0.0011732138,
          0.9993909,
          0.03487985,
          0,
          0.20504463,
          4.702421,
          -1.4318963,
          1
        ]
      }
    ],
    "D66134B1-3681-4A8E-AFE5-29F257229F3B" : [
      {
        "date" : 728728462.51131,
        "title" : "Untitled",
        "transform" : [
          0.99912995,
          1.1591444e-10,
          0.041704826,
          0,
          0.0046032537,
          0.9938898,
          -0.11028095,
          0,
          -0.041450005,
          0.11037693,
          0.9930251,
          0,
          -0.7688035,
          0.20017512,
          4.8551717,
          1
        ]
      },
      {
        "date" : 728728455.585452,
        "title" : "Untitled",
        "transform" : [
          0.99962145,
          2.3665464e-10,
          0.027512243,
          0,
          0.004792329,
          0.98471224,
          -0.17412299,
          0,
          -0.027091645,
          0.17418888,
          0.9843395,
          0,
          -1.1951332,
          -0.5798216,
          3.7420025,
          1
        ]
      },
      {
        "date" : 728728384.921956,
        "title" : "Untitled",
        "transform" : [
          0.99962145,
          2.3665464e-10,
          0.027512243,
          0,
          0.004792329,
          0.98471224,
          -0.17412299,
          0,
          -0.027091648,
          0.1741889,
          0.9843396,
          0,
          -0.40665287,
          1.186532,
          3.4511292,
          1
        ]
      },
      {
        "date" : 728728265.961613,
        "title" : "Untitled",
        "transform" : [
          0.9984929,
          1.7626822e-10,
          -0.054881025,
          0,
          -0.0051512085,
          0.99558526,
          -0.09371993,
          0,
          0.054638736,
          0.09386136,
          0.99408484,
          0,
          -0.11648718,
          0.9023146,
          3.5574956,
          1
        ]
      },
      {
        "date" : 728728259.891336,
        "title" : "Untitled",
        "transform" : [
          1,
          0,
          0,
          0,
          0,
          0.8660253,
          -0.5000002,
          0,
          0,
          0.5000002,
          0.8660253,
          0,
          -0.31155062,
          2.297148,
          2.8477294,
          1
        ]
      },
      {
        "date" : 728728258.442627,
        "title" : "Untitled",
        "transform" : [
          1,
          0,
          0,
          0,
          0,
          0.8660253,
          -0.5000002,
          0,
          0,
          0.5000002,
          0.8660253,
          0,
          -1.3576458,
          1.9500186,
          3.0481448,
          1
        ]
      },
      {
        "date" : 728728254.69611,
        "title" : "Untitled",
        "transform" : [
          1,
          0,
          0,
          0,
          0,
          0.8660253,
          -0.5000002,
          0,
          0,
          0.5000002,
          0.8660253,
          0,
          -1.0469158,
          1.0008279,
          1.5388784,
          1
        ]
      },
      {
        "date" : 728728253.053501,
        "title" : "Untitled",
        "transform" : [
          1,
          0,
          0,
          0,
          0,
          0.8660253,
          -0.5000002,
          0,
          0,
          0.5000002,
          0.8660253,
          0,
          -0.5865562,
          0.5607345,
          0.86218846,
          1
        ]
      },
      {
        "date" : 728728172.259196,
        "title" : "Untitled",
        "transform" : [
          1,
          0,
          0,
          0,
          0,
          0.8660253,
          -0.5000002,
          0,
          0,
          0.5000002,
          0.8660253,
          0,
          -0.5865562,
          0.805182,
          1.2855837,
          1
        ]
      },
      {
        "date" : 728728142.411443,
        "title" : "Untitled",
        "transform" : [
          1,
          0,
          0,
          0,
          0,
          0.8660253,
          -0.5000002,
          0,
          0,
          0.5000002,
          0.8660253,
          0,
          -0.24720843,
          0.3393499,
          0.54181874,
          1
        ]
      }
    ]
  },
  "selectedSceneRelativePath" : "Immersive.usda"
}