{
  "advancedEditorSelectedIdentifier" : "ProjectBrowser",
  "openSceneRelativePaths" : [
    "Immersive.usda"
  ],
  "recentIdentifiers" : {
    "AF09ED6F-1707-48FD-8720-65B998362C09" : [

    ],
    "D66134B1-3681-4A8E-AFE5-29F257229F3B" : [

    ]
  },
  "sceneCameraHistory" : {
    "4A858FEC-FD7E-4F9F-BDE9-4C7B6BC3E29F" : [
      {
        "date" : 728727731.986916,
        "title" : "Untitled",
        "transform" : [
          0.9999497,
          3.4082268e-11,
          0.010031607,
          0,
          0.00519039,
          0.8557414,
          -0.5173776,
          0,
          -0.008584461,
          0.51740366,
          0.85569847,
          0,
          -0.16141383,
          0.17136131,
          0.4447439,
          1
        ]
      },
      {
        "date" : 728727730.425127,
        "title" : "Untitled",
        "transform" : [
          0.9999497,
          3.4082268e-11,
          0.010031607,
          0,
          0.00519039,
          0.8557414,
          -0.5173776,
          0,
          -0.008584461,
          0.51740366,
          0.85569847,
          0,
          -0.1976597,
          0.117688164,
          0.4768341,
          1
        ]
      },
      {
        "date" : 728727714.453867,
        "title" : "Untitled",
        "transform" : [
          0.9999496,
          3.4082265e-11,
          0.010031606,
          0,
          0.00519039,
          0.8557414,
          -0.5173776,
          0,
          -0.00858446,
          0.5174036,
          0.85569835,
          0,
          -0.0027719976,
          0.24158213,
          0.40387586,
          1
        ]
      },
      {
        "date" : 728727702.552241,
        "title" : "Untitled",
        "transform" : [
          0.99999994,
          0,
          -0,
          0,
          -0,
          0.8660254,
          -0.49999994,
          0,
          0,
          0.49999994,
          0.8660254,
          0,
          0,
          0.23594756,
          0.40867323,
          1
        ]
      }
    ],
    "AF09ED6F-1707-48FD-8720-65B998362C09" : [
      {
        "date" : 728729582.536893,
        "title" : "Untitled",
        "transform" : [
          1,
          0,
          0,
          0,
          0,
          0.87713695,
          -0.48024023,
          0,
          0,
          0.48024023,
          0.87713695,
          0,
          0.0012743699,
          0.13306206,
          0.24561198,
          1
        ]
      },
      {
        "date" : 728729580.714811,
        "title" : "Untitled",
        "transform" : [
          1,
          0,
          0,
          0,
          0,
          0.87713695,
          -0.48024023,
          0,
          0,
          0.48024023,
          0.87713695,
          0,
          0.0035171635,
          0.3672411,
          0.6778703,
          1
        ]
      },
      {
        "date" : 728729156.493936,
        "title" : "Untitled",
        "transform" : [
          1,
          0,
          0,
          0,
          0,
          0.87713695,
          -0.48024023,
          0,
          0,
          0.48024023,
          0.87713695,
          0,
          0.016256815,
          1.6974391,
          3.13321,
          1
        ]
      },
      {
        "date" : 728729125.962043,
        "title" : "Untitled",
        "transform" : [
          1,
          0,
          0,
          0,
          0,
          0.87713695,
          -0.48024023,
          0,
          0,
          0.48024023,
          0.87713695,
          0,
          0.27083385,
          28.27885,
          52.198376,
          1
        ]
      },
      {
        "date" : 728729047.075729,
        "title" : "Untitled",
        "transform" : [
          1,
          0,
          0,
          0,
          0,
          0.87713695,
          -0.48024023,
          0,
          0,
          0.48024023,
          0.87713695,
          0,
          0,
          1.3273982,
          1.5220661,
          1
        ]
      },
      {
        "date" : 728728604.814348,
        "title" : "Untitled",
        "transform" : [
          1,
          0,
          0,
          0,
          0,
          0.87713695,
          -0.48024023,
          0,
          0,
          0.48024023,
          0.87713695,
          0,
          0,
          1.8461581,
          2.116904,
          1
        ]
      },
      {
        "date" : 728728603.052441,
        "title" : "Untitled",
        "transform" : [
          1,
          0,
          0,
          0,
          0,
          0.87713695,
          -0.48024023,
          0,
          0,
          0.48024023,
          0.87713695,
          0,
          0,
          3.660287,
          4.8721027,
          1
        ]
      },
      {
        "date" : 728727691.520782,
        "title" : "Untitled",
        "transform" : [
          1,
          0,
          -0,
          0,
          -0,
          0.87713695,
          -0.48024023,
          0,
          0,
          0.48024023,
          0.87713695,
          0,
          0,
          5.280617,
          7.0288777,
          1
        ]
      }
    ],
    "D66134B1-3681-4A8E-AFE5-29F257229F3B" : [
      {
        "date" : 728728462.51131,
        "title" : "Untitled",
        "transform" : [
          0.99912995,
          1.1591444e-10,
          0.041704826,
          0,
          0.0046032537,
          0.9938898,
          -0.11028095,
          0,
          -0.041450005,
          0.11037693,
          0.9930251,
          0,
          -0.7688035,
          0.20017512,
          4.8551717,
          1
        ]
      },
      {
        "date" : 728728455.585452,
        "title" : "Untitled",
        "transform" : [
          0.99962145,
          2.3665464e-10,
          0.027512243,
          0,
          0.004792329,
          0.98471224,
          -0.17412299,
          0,
          -0.027091645,
          0.17418888,
          0.9843395,
          0,
          -1.1951332,
          -0.5798216,
          3.7420025,
          1
        ]
      },
      {
        "date" : 728728384.921956,
        "title" : "Untitled",
        "transform" : [
          0.99962145,
          2.3665464e-10,
          0.027512243,
          0,
          0.004792329,
          0.98471224,
          -0.17412299,
          0,
          -0.027091648,
          0.1741889,
          0.9843396,
          0,
          -0.40665287,
          1.186532,
          3.4511292,
          1
        ]
      },
      {
        "date" : 728728265.961613,
        "title" : "Untitled",
        "transform" : [
          0.9984929,
          1.7626822e-10,
          -0.054881025,
          0,
          -0.0051512085,
          0.99558526,
          -0.09371993,
          0,
          0.054638736,
          0.09386136,
          0.99408484,
          0,
          -0.11648718,
          0.9023146,
          3.5574956,
          1
        ]
      },
      {
        "date" : 728728259.891336,
        "title" : "Untitled",
        "transform" : [
          1,
          0,
          0,
          0,
          0,
          0.8660253,
          -0.5000002,
          0,
          0,
          0.5000002,
          0.8660253,
          0,
          -0.31155062,
          2.297148,
          2.8477294,
          1
        ]
      },
      {
        "date" : 728728258.442627,
        "title" : "Untitled",
        "transform" : [
          1,
          0,
          0,
          0,
          0,
          0.8660253,
          -0.5000002,
          0,
          0,
          0.5000002,
          0.8660253,
          0,
          -1.3576458,
          1.9500186,
          3.0481448,
          1
        ]
      },
      {
        "date" : 728728254.69611,
        "title" : "Untitled",
        "transform" : [
          1,
          0,
          0,
          0,
          0,
          0.8660253,
          -0.5000002,
          0,
          0,
          0.5000002,
          0.8660253,
          0,
          -1.0469158,
          1.0008279,
          1.5388784,
          1
        ]
      },
      {
        "date" : 728728253.053501,
        "title" : "Untitled",
        "transform" : [
          1,
          0,
          0,
          0,
          0,
          0.8660253,
          -0.5000002,
          0,
          0,
          0.5000002,
          0.8660253,
          0,
          -0.5865562,
          0.5607345,
          0.86218846,
          1
        ]
      },
      {
        "date" : 728728172.259196,
        "title" : "Untitled",
        "transform" : [
          1,
          0,
          0,
          0,
          0,
          0.8660253,
          -0.5000002,
          0,
          0,
          0.5000002,
          0.8660253,
          0,
          -0.5865562,
          0.805182,
          1.2855837,
          1
        ]
      },
      {
        "date" : 728728142.411443,
        "title" : "Untitled",
        "transform" : [
          1,
          0,
          0,
          0,
          0,
          0.8660253,
          -0.5000002,
          0,
          0,
          0.5000002,
          0.8660253,
          0,
          -0.24720843,
          0.3393499,
          0.54181874,
          1
        ]
      }
    ]
  },
  "selectedSceneRelativePath" : "Immersive.usda"
}